freq	dB(S11_fitted)
4.00000000000000000E+09	-6.04660704348712191E-02
4.03125000000000000E+09	-6.17774446735872979E-02
4.06250000000000000E+09	-6.31337727708446289E-02
4.09375000000000000E+09	-6.45375286510254942E-02
4.12500000000000000E+09	-6.59913834567518731E-02
4.15625000000000000E+09	-6.74982257886688197E-02
4.18750000000000000E+09	-6.90611844972080779E-02
4.21875000000000000E+09	-7.06836544109516463E-02
4.25000000000000000E+09	-7.23693254538891328E-02
4.31250000000000000E+09	-7.59467088963540621E-02
4.37500000000000000E+09	-7.98301317017895695E-02
4.43750000000000000E+09	-8.40637731376711467E-02
4.50000000000000000E+09	-8.87011597006426983E-02
4.56250000000000000E+09	-9.38077956940287228E-02
4.62500000000000000E+09	-9.94647395494468872E-02
4.68750000000000000E+09	-1.05773549487383184E-01
4.75000000000000000E+09	-1.12863254304157945E-01
4.81250000000000000E+09	-1.20900391041641728E-01
4.87500000000000000E+09	-1.30103812964037280E-01
4.93750000000000000E+09	-1.40767145570120905E-01
5.00000000000000000E+09	-1.53293935845080026E-01
5.06250000000000000E+09	-1.68254723462667288E-01
5.12500000000000000E+09	-1.86483762753832050E-01
5.18750000000000000E+09	-2.09251453738384607E-01
5.25000000000000000E+09	-2.38590917523613361E-01
5.28125000000000000E+09	-2.56719839105168601E-01
5.31250000000000000E+09	-2.77963551239401585E-01
5.34375000000000000E+09	-3.03216333358846346E-01
5.37500000000000000E+09	-3.33743336492006437E-01
5.39062500000000000E+09	-3.51529674667928727E-01
5.40625000000000000E+09	-3.71387086731673477E-01
5.42187500000000000E+09	-3.93693750289009825E-01
5.43750000000000000E+09	-4.18921689278892950E-01
5.45312500000000000E+09	-4.47666203406897945E-01
5.46875000000000000E+09	-4.80686446680678170E-01
5.48437500000000000E+09	-5.18962092265960795E-01
5.50000000000000000E+09	-5.63773500871479927E-01
5.50781250000000000E+09	-5.89139765940269844E-01
5.51562500000000000E+09	-6.16816651764834245E-01
5.52343750000000000E+09	-6.47108393243278068E-01
5.53125000000000000E+09	-6.80370065725366513E-01
5.53906250000000000E+09	-7.17017627957484249E-01
5.54687500000000000E+09	-7.57540181339437901E-01
5.55468750000000000E+09	-8.02514954965593441E-01
5.56250000000000000E+09	-8.52625630574419091E-01
5.56640625000000000E+09	-8.79855103895948454E-01
5.57031250000000000E+09	-9.08684732539444262E-01
5.57421875000000000E+09	-9.39240687092510962E-01
5.57812500000000000E+09	-9.71660910433931102E-01
5.58203125000000000E+09	-1.00609630059339938E+00
5.58593750000000000E+09	-1.04271200380252083E+00
5.58984375000000000E+09	-1.08168882219472162E+00
5.59375000000000000E+09	-1.12322473824675328E+00
5.59765625000000000E+09	-1.16753655445240145E+00
5.60156250000000000E+09	-1.21486164142740516E+00
5.60546875000000000E+09	-1.26545978006817395E+00
5.60937500000000000E+09	-1.31961507274067613E+00
5.61328125000000000E+09	-1.37763788373876461E+00
5.61718750000000000E+09	-1.43986674909711176E+00
5.62109375000000000E+09	-1.50667016857539804E+00
5.62500000000000000E+09	-1.57844815609216527E+00
5.62890625000000000E+09	-1.65563337638689689E+00
5.63281250000000000E+09	-1.73869163192588294E+00
5.63671875000000000E+09	-1.82812138110605016E+00
5.64062500000000000E+09	-1.92445186212835040E+00
5.64453125000000000E+09	-2.02823926163296253E+00
5.64843750000000000E+09	-2.14006019859552721E+00
5.65234375000000000E+09	-2.26050158856060968E+00
5.65625000000000000E+09	-2.39014571058145942E+00
5.66015625000000000E+09	-2.52954902505551127E+00
5.66406250000000000E+09	-2.67921300227223291E+00
5.66796875000000000E+09	-2.83954495579970922E+00
5.67187500000000000E+09	-3.01080670034286335E+00
5.67382812500000000E+09	-3.10056244086434507E+00
5.67578125000000000E+09	-3.19304888726250091E+00
5.67773437500000000E+09	-3.28822597219818391E+00
5.67968750000000000E+09	-3.38602929857330004E+00
5.68164062500000000E+09	-3.48636668251687354E+00
5.68359375000000000E+09	-3.58911447817868723E+00
5.68554687500000000E+09	-3.69411373052407521E+00
5.68750000000000000E+09	-3.80116622380634928E+00
5.68945312500000000E+09	-3.91003051920597633E+00
5.69140625000000000E+09	-4.02041810528008448E+00
5.69335937500000000E+09	-4.13198981895603268E+00
5.69531250000000000E+09	-4.24435273186218875E+00
5.69726562500000000E+09	-4.35705773502647009E+00
5.69921875000000000E+09	-4.46959809163906030E+00
5.70117187500000000E+09	-4.58140925871868721E+00
5.70312500000000000E+09	-4.69187029896350793E+00
5.70507812500000000E+09	-4.80030720746889017E+00
5.70703125000000000E+09	-4.90599845723132244E+00
5.70898437500000000E+09	-5.00818301524698839E+00
5.71093750000000000E+09	-5.10607099144676546E+00
5.71289062500000000E+09	-5.19885695219775279E+00
5.71484375000000000E+09	-5.28573575955165964E+00
5.71679687500000000E+09	-5.36592059386333009E+00
5.71875000000000000E+09	-5.43866259516787487E+00
5.72265625000000000E+09	-5.55913517774779642E+00
5.72656250000000000E+09	-5.64268764015871138E+00
5.73046875000000000E+09	-5.68666024030051087E+00
5.73437500000000000E+09	-5.69054250991323674E+00
5.73828125000000000E+09	-5.65601510444509792E+00
5.74218750000000000E+09	-5.58668169158753081E+00
5.74609375000000000E+09	-5.48756575239708333E+00
5.75000000000000000E+09	-5.36449816523220413E+00
5.75390625000000000E+09	-5.22352395468760911E+00
5.75781250000000000E+09	-5.07042057321782558E+00
5.76171875000000000E+09	-4.91036951454887216E+00
5.76562500000000000E+09	-4.74777946450612731E+00
5.76953125000000000E+09	-4.58623285467223951E+00
5.77343750000000000E+09	-4.42851837110029045E+00
5.77734375000000000E+09	-4.27671418287816429E+00
5.78125000000000000E+09	-4.13229431699649918E+00
5.78515625000000000E+09	-3.99623936265441282E+00
5.78906250000000000E+09	-3.86914025148773622E+00
5.79296875000000000E+09	-3.75128945922658552E+00
5.79687500000000000E+09	-3.64275767314548071E+00
5.80078125000000000E+09	-3.54345616563406640E+00
5.80468750000000000E+09	-3.45318625638240029E+00
5.80859375000000000E+09	-3.37167771368622748E+00
5.81250000000000000E+09	-3.29861801800482235E+00
5.82031250000000000E+09	-3.17650933598971674E+00
5.82812500000000000E+09	-3.08421239148434889E+00
5.83593750000000000E+09	-3.01930804341206072E+00
5.84375000000000000E+09	-2.97976512850552488E+00
5.85156250000000000E+09	-2.96400480862943505E+00
5.85937500000000000E+09	-2.97091689881602727E+00
5.86718750000000000E+09	-2.99985518157538955E+00
5.87500000000000000E+09	-3.05062676904027397E+00
5.88281250000000000E+09	-3.12348363938159901E+00
5.89062500000000000E+09	-3.21912053457973091E+00
5.89843750000000000E+09	-3.33868118752309861E+00
5.90625000000000000E+09	-3.48377355723930870E+00
5.91406250000000000E+09	-3.65649389133887937E+00
5.92187500000000000E+09	-3.85945865478228711E+00
5.92968750000000000E+09	-4.09584235991870926E+00
5.93750000000000000E+09	-4.36941774621278967E+00
5.94531250000000000E+09	-4.68459204440659427E+00
5.95312500000000000E+09	-5.04642826288083768E+00
5.96093750000000000E+09	-5.46063175910056664E+00
5.96875000000000000E+09	-5.93346633641417576E+00
5.97265625000000000E+09	-6.19393072631396446E+00
5.97656250000000000E+09	-6.47153396848528217E+00
5.98046875000000000E+09	-6.76707623597921248E+00
5.98437500000000000E+09	-7.08129494820249761E+00
5.98828125000000000E+09	-7.41481767830899141E+00
5.99218750000000000E+09	-7.76809668295434186E+00
5.99609375000000000E+09	-8.14131848392906754E+00
6.00000000000000000E+09	-8.53427998542333022E+00
6.00390625000000000E+09	-8.94622057714900976E+00
6.00781250000000000E+09	-9.37559817382285843E+00
6.01171875000000000E+09	-9.81979757283058241E+00
6.01562500000000000E+09	-1.02747646270962001E+01
6.01953125000000000E+09	-1.07345743190775806E+01
6.02343750000000000E+09	-1.11909719330636683E+01
6.02734375000000000E+09	-1.16329816271989017E+01
6.03125000000000000E+09	-1.20467566810488016E+01
6.03515625000000000E+09	-1.24159294299274165E+01
6.03906250000000000E+09	-1.27227435934675270E+01
6.04296875000000000E+09	-1.29501144220991389E+01
6.04687500000000000E+09	-1.30843900336048158E+01
6.05078125000000000E+09	-1.31180825449275034E+01
6.05468750000000000E+09	-1.30515472186615575E+01
6.05859375000000000E+09	-1.28928701277576252E+01
6.06250000000000000E+09	-1.26560172482569016E+01
6.06640625000000000E+09	-1.23580517521843269E+01
6.07031250000000000E+09	-1.20164318317490455E+01
6.07421875000000000E+09	-1.16470626491894098E+01
6.07812500000000000E+09	-1.12632730088658484E+01
6.08203125000000000E+09	-1.08755429144723550E+01
6.08593750000000000E+09	-1.04916958980865829E+01
6.08984375000000000E+09	-1.01173067255751583E+01
6.09375000000000000E+09	-9.75616073834047626E+00
6.09765625000000000E+09	-9.41067860513383891E+00
6.10156250000000000E+09	-9.08227222725402150E+00
6.10546875000000000E+09	-8.77162626415059776E+00
6.10937500000000000E+09	-8.47891287616447542E+00
6.11328125000000000E+09	-8.20395162933839650E+00
6.11718750000000000E+09	-7.94632659074559022E+00
6.12109375000000000E+09	-7.70547101693527203E+00
6.12500000000000000E+09	-7.48072798186342780E+00
6.13281250000000000E+09	-7.07674599750655720E+00
6.14062500000000000E+09	-6.72866176779948511E+00
6.14843750000000000E+09	-6.43100616183254026E+00
6.15625000000000000E+09	-6.17882516567490736E+00
6.16406250000000000E+09	-5.96777616266213862E+00
6.17187500000000000E+09	-5.79414066738062861E+00
6.17968750000000000E+09	-5.65479830766330327E+00
6.18750000000000000E+09	-5.54718545410408215E+00
6.19531250000000000E+09	-5.46925061920435773E+00
6.20312500000000000E+09	-5.41941278253063707E+00
6.21093750000000000E+09	-5.39652565119049132E+00
6.21875000000000000E+09	-5.39984923452659160E+00
6.22656250000000000E+09	-5.42902931171978853E+00
6.23437500000000000E+09	-5.48408503671346637E+00
6.24218750000000000E+09	-5.56540486454236127E+00
6.25000000000000000E+09	-5.67375110027837515E+00
6.25781250000000000E+09	-5.81027362649412016E+00
6.26562500000000000E+09	-5.97653375570879408E+00
6.27343750000000000E+09	-6.17453971104816279E+00
6.28125000000000000E+09	-6.40679602623979427E+00
6.28906250000000000E+09	-6.67637028566146906E+00
6.29687500000000000E+09	-6.98698227469388122E+00
6.30468750000000000E+09	-7.34312306464232645E+00
6.31250000000000000E+09	-7.75021527211027017E+00
6.32031250000000000E+09	-8.21483145305044715E+00
6.32812500000000000E+09	-8.74499653967540169E+00
6.33593750000000000E+09	-9.35061443182614305E+00
6.34375000000000000E+09	-1.00440816566600191E+01
6.35156250000000000E+09	-1.08411877025541887E+01
6.35937500000000000E+09	-1.17624593943503051E+01
6.36718750000000000E+09	-1.28351892332361324E+01
6.37500000000000000E+09	-1.40964614657674687E+01
6.38281250000000000E+09	-1.55973036308468807E+01
6.39062500000000000E+09	-1.74062082824929760E+01
6.39843750000000000E+09	-1.95985952288039549E+01
6.40625000000000000E+09	-2.21526866502916029E+01
6.41406250000000000E+09	-2.44164119709105911E+01
6.42187500000000000E+09	-2.44932619922996224E+01
6.42968750000000000E+09	-2.23334355799434405E+01
6.43750000000000000E+09	-1.98440727435641158E+01
6.44531250000000000E+09	-1.77094838716475493E+01
6.45312500000000000E+09	-1.59579471519350786E+01
6.46093750000000000E+09	-1.45140124986225842E+01
6.46875000000000000E+09	-1.33083131182594609E+01
6.47656250000000000E+09	-1.22890596792472540E+01
6.48437500000000000E+09	-1.14186227598546370E+01
6.49218750000000000E+09	-1.06693514371155658E+01
6.50000000000000000E+09	-1.00205053698807749E+01
6.50781250000000000E+09	-9.45619058597331907E+00
6.51562500000000000E+09	-8.96398570763591351E+00
6.52343750000000000E+09	-8.53401711687175002E+00
6.53125000000000000E+09	-8.15832445942688089E+00
6.53906250000000000E+09	-7.83041609220305634E+00
6.54687500000000000E+09	-7.54495101974748206E+00
6.55468750000000000E+09	-7.29750676635981321E+00
6.56250000000000000E+09	-7.08440685362749356E+00
6.57031250000000000E+09	-6.90259048917731377E+00
6.57812500000000000E+09	-6.74951277300999042E+00
6.58593750000000000E+09	-6.62306742545119231E+00
6.59375000000000000E+09	-6.52152648062521134E+00
6.60156250000000000E+09	-6.44349302749781661E+00
6.60937500000000000E+09	-6.38786420021569690E+00
6.61718750000000000E+09	-6.35380239942537539E+00
6.62500000000000000E+09	-6.34071328111570587E+00
6.63281250000000000E+09	-6.34822945412454587E+00
6.64062500000000000E+09	-6.37619913166366992E+00
6.64843750000000000E+09	-6.42467922021205418E+00
6.65625000000000000E+09	-6.49393252525904163E+00
6.66406250000000000E+09	-6.58442892607347119E+00
6.67187500000000000E+09	-6.69685053614297310E+00
6.67968750000000000E+09	-6.83210103621903020E+00
6.68750000000000000E+09	-6.99131955766395841E+00
6.69531250000000000E+09	-7.17589972201142778E+00
6.70312500000000000E+09	-7.38751472959647870E+00
6.71093750000000000E+09	-7.62814976376516096E+00
6.71875000000000000E+09	-7.90014347529064320E+00
6.72656250000000000E+09	-8.20624098562843685E+00
6.73437500000000000E+09	-8.54966176718147608E+00
6.74218750000000000E+09	-8.93418701572916873E+00
6.75000000000000000E+09	-9.36427283827521961E+00
6.75781250000000000E+09	-9.84519785706303452E+00
6.76562500000000000E+09	-1.03832567319544999E+01
6.77343750000000000E+09	-1.09860144035405032E+01
6.78125000000000000E+09	-1.16626384155622720E+01
6.78906250000000000E+09	-1.24243245762135359E+01
6.79687500000000000E+09	-1.32848123567687786E+01
6.80468750000000000E+09	-1.42609141991706494E+01
6.81250000000000000E+09	-1.53727457417919506E+01
6.82031250000000000E+09	-1.66425952587170514E+01
6.82812500000000000E+09	-1.80890270596847849E+01
6.83593750000000000E+09	-1.97057132530728865E+01
6.84375000000000000E+09	-2.13966803904208724E+01
6.85156250000000000E+09	-2.28306968528728049E+01
6.85937500000000000E+09	-2.33782821785488757E+01
6.86718750000000000E+09	-2.26932845959522069E+01
6.87500000000000000E+09	-2.12384225060770007E+01
6.88281250000000000E+09	-1.96086651823793012E+01
6.89062500000000000E+09	-1.80809029243630732E+01
6.89843750000000000E+09	-1.67270791802749521E+01
6.90625000000000000E+09	-1.55460479795762758E+01
6.91406250000000000E+09	-1.45175366071455887E+01
6.92187500000000000E+09	-1.36192746611979469E+01
6.92968750000000000E+09	-1.28315995397450600E+01
6.93750000000000000E+09	-1.21382035015185181E+01
6.94531250000000000E+09	-1.15258049348652136E+01
6.95312500000000000E+09	-1.09836062191671484E+01
6.96093750000000000E+09	-1.05027879588275397E+01
6.96875000000000000E+09	-1.00760959352735071E+01
6.97656250000000000E+09	-9.69751904548674482E+00
6.98437500000000000E+09	-9.36204212722783247E+00
6.99218750000000000E+09	-9.06545676553427704E+00
7.00000000000000000E+09	-8.80421597574577497E+00
7.00781250000000000E+09	-8.57532188282988272E+00
7.01562500000000000E+09	-8.37623826844046171E+00
7.02343750000000000E+09	-8.20482198953119912E+00
7.03125000000000000E+09	-8.05926886092899508E+00
7.03906250000000000E+09	-7.93807075875547863E+00
7.04687500000000000E+09	-7.83998155124724949E+00
7.05468750000000000E+09	-7.76399008473357544E+00
7.06250000000000000E+09	-7.70929890974787124E+00
7.07031250000000000E+09	-7.67530777239725204E+00
7.07812500000000000E+09	-7.66160115308022061E+00
7.08593750000000000E+09	-7.66793933292530294E+00
7.09375000000000000E+09	-7.69425262584295666E+00
7.10156250000000000E+09	-7.74063854421768482E+00
7.10937500000000000E+09	-7.80736177935260578E+00
7.11718750000000000E+09	-7.89485698221035115E+00
7.12500000000000000E+09	-8.00373443305277554E+00
7.13281250000000000E+09	-8.13478879707566804E+00
7.14062500000000000E+09	-8.28901128386651820E+00
7.14843750000000000E+09	-8.46760566862227115E+00
7.15625000000000000E+09	-8.67200880006468111E+00
7.16406250000000000E+09	-8.90391642134845185E+00
7.17187500000000000E+09	-9.16531537187570500E+00
7.17968750000000000E+09	-9.45852352033938004E+00
7.18750000000000000E+09	-9.78623908898814854E+00
7.19531250000000000E+09	-1.01516013191221006E+01
7.20312500000000000E+09	-1.05582645756473781E+01
7.21093750000000000E+09	-1.10104877031502397E+01
7.21875000000000000E+09	-1.15132390623533603E+01
7.22656250000000000E+09	-1.20723136924440908E+01
7.23437500000000000E+09	-1.26944490655638589E+01
7.24218750000000000E+09	-1.33874021703693469E+01
7.25000000000000000E+09	-1.41598952529847448E+01
7.25781250000000000E+09	-1.50212086004556440E+01
7.26562500000000000E+09	-1.59798989559437103E+01
7.27343750000000000E+09	-1.70404348397058811E+01
7.28125000000000000E+09	-1.81950568280740939E+01
7.28906250000000000E+09	-1.94055908721635504E+01
7.29687500000000000E+09	-2.05689312615894409E+01
7.30468750000000000E+09	-2.14771964171711716E+01
7.31250000000000000E+09	-2.18497065051971937E+01
7.32031250000000000E+09	-2.15296438580887575E+01
7.32812500000000000E+09	-2.06489904209952080E+01
7.33593750000000000E+09	-1.94873325859683852E+01
7.34375000000000000E+09	-1.82631252278470555E+01
7.35156250000000000E+09	-1.70880020765822778E+01
7.35937500000000000E+09	-1.60045078495420476E+01
7.36718750000000000E+09	-1.50222188200154072E+01
7.37500000000000000E+09	-1.41372734939604356E+01
7.38281250000000000E+09	-1.33412035927614863E+01
7.39062500000000000E+09	-1.26246084261998721E+01
7.39843750000000000E+09	-1.19785679678348895E+01
7.40625000000000000E+09	-1.13951036850441803E+01
7.41406250000000000E+09	-1.08672530505888236E+01
7.42187500000000000E+09	-1.03889985507492728E+01
7.42968750000000000E+09	-9.95515210846719967E+00
7.43750000000000000E+09	-9.56123572262915822E+00
7.44531250000000000E+09	-9.20337335679601054E+00
7.45312500000000000E+09	-8.87819824101320343E+00
7.46093750000000000E+09	-8.58277537597937368E+00
7.46875000000000000E+09	-8.31453747399384469E+00
7.47656250000000000E+09	-8.07123221155045023E+00
7.48437500000000000E+09	-7.85087878450270527E+00
7.49218750000000000E+09	-7.65173203274413538E+00
7.50000000000000000E+09	-7.47225270349139592E+00
7.50781250000000000E+09	-7.31108269835416191E+00
7.51562500000000000E+09	-7.16702438330911740E+00
7.52343750000000000E+09	-7.03902323155434928E+00
7.53125000000000000E+09	-6.92615322184729099E+00
7.53906250000000000E+09	-6.82760453573439996E+00
7.54687500000000000E+09	-6.74267319228783002E+00
7.55468750000000000E+09	-6.67075233399232381E+00
7.56250000000000000E+09	-6.61132493672735055E+00
7.57031250000000000E+09	-6.56395776393901453E+00
7.57812500000000000E+09	-6.52829642289185497E+00
7.58593750000000000E+09	-6.50406141152472284E+00
7.59375000000000000E+09	-6.49104506959618632E+00
7.60156250000000000E+09	-6.48910936880696543E+00
7.60937500000000000E+09	-6.49818449444154034E+00
7.61718750000000000E+09	-6.51826818655670515E+00
7.62500000000000000E+09	-6.54942582246183935E+00
7.63281250000000000E+09	-6.59179123462871086E+00
7.64062500000000000E+09	-6.64556826955417357E+00
7.64843750000000000E+09	-6.71103310366628669E+00
7.65625000000000000E+09	-6.78853734215211979E+00
7.66406250000000000E+09	-6.87851193545476569E+00
7.67187500000000000E+09	-6.98147195573329249E+00
7.67968750000000000E+09	-7.09802228099550714E+00
7.68750000000000000E+09	-7.22886423648781573E+00
7.69531250000000000E+09	-7.37480323884379008E+00
7.70312500000000000E+09	-7.53675747445754052E+00
7.71093750000000000E+09	-7.71576761297106550E+00
7.71875000000000000E+09	-7.91300749882205334E+00
7.72656250000000000E+09	-8.12979566067639503E+00
7.73437500000000000E+09	-8.36760730086148286E+00
7.74218750000000000E+09	-8.62808612584421475E+00
7.75000000000000000E+09	-8.91305487299486821E+00
7.75781250000000000E+09	-9.22452254186958598E+00
7.76562500000000000E+09	-9.56468491990717951E+00
7.77343750000000000E+09	-9.93591261329807018E+00
7.78125000000000000E+09	-1.03407167941524776E+01
7.78906250000000000E+09	-1.07816761428026844E+01
7.79687500000000000E+09	-1.12612971517579155E+01
7.80468750000000000E+09	-1.17817611011099146E+01
7.81250000000000000E+09	-1.23444802110503780E+01
7.82031250000000000E+09	-1.29493373533944549E+01
7.82812500000000000E+09	-1.35934156645605100E+01
7.83593750000000000E+09	-1.42689507603530092E+01
7.84375000000000000E+09	-1.49602312230015766E+01
7.85156250000000000E+09	-1.56394534424567482E+01
7.85937500000000000E+09	-1.62625795840319967E+01
7.86718750000000000E+09	-1.67685485216380279E+01
7.87500000000000000E+09	-1.70877384648626283E+01
7.87890625000000000E+09	-1.71582747590271083E+01
7.88281250000000000E+09	-1.71633325513003356E+01
7.88671875000000000E+09	-1.71020993219326520E+01
7.89062500000000000E+09	-1.69770241916281570E+01
7.89453125000000000E+09	-1.67934549002632885E+01
7.89843750000000000E+09	-1.65588901291483737E+01
7.90234375000000000E+09	-1.62820529819792341E+01
7.90625000000000000E+09	-1.59719983224633459E+01
7.91406250000000000E+09	-1.52860922487137962E+01
7.92187500000000000E+09	-1.45591408937723763E+01
7.92968750000000000E+09	-1.38316538700927296E+01
7.93750000000000000E+09	-1.31287375136876072E+01
7.94531250000000000E+09	-1.24644345254830071E+01
7.95312500000000000E+09	-1.18456594851454344E+01
7.96093750000000000E+09	-1.12750340845215984E+01
7.96875000000000000E+09	-1.07527301238239108E+01
7.97656250000000000E+09	-1.02776071017417188E+01
7.98437500000000000E+09	-9.84789575900353853E+00
7.99218750000000000E+09	-9.46160333794280461E+00
8.00000000000000000E+09	-9.11675285677383584E+00
8.00781250000000000E+09	-8.81152528784313382E+00
8.01562500000000000E+09	-8.54434619827905273E+00
8.02343750000000000E+09	-8.31394186482201292E+00
8.03125000000000000E+09	-8.11938005522428874E+00
8.03906250000000000E+09	-7.96010490570837348E+00
8.04687500000000000E+09	-7.83597195880147268E+00
8.05468750000000000E+09	-7.74728743971637002E+00
8.06250000000000000E+09	-7.69485459012657103E+00
8.07031250000000000E+09	-7.68002886541835217E+00
8.07812500000000000E+09	-7.70478256739881040E+00
8.08593750000000000E+09	-7.77177739592336891E+00
8.09375000000000000E+09	-7.88443939188728127E+00
8.10156250000000000E+09	-8.04702281616253146E+00
8.10937500000000000E+09	-8.26463378244931768E+00
8.11718750000000000E+09	-8.54315325115168633E+00
8.12500000000000000E+09	-8.88893706013266716E+00
8.13281250000000000E+09	-9.30804845808726711E+00
8.14062500000000000E+09	-9.80454283563010165E+00
8.14843750000000000E+09	-1.03768990292050489E+01
8.15625000000000000E+09	-1.10110626500097393E+01
8.16015625000000000E+09	-1.13406188906230998E+01
8.16406250000000000E+09	-1.16682335501876615E+01
8.16796875000000000E+09	-1.19823662155166986E+01
8.17187500000000000E+09	-1.22679716447899683E+01
8.17578125000000000E+09	-1.25067799377976279E+01
8.17968750000000000E+09	-1.26785866793364548E+01
8.18359375000000000E+09	-1.27638122857244536E+01
8.18750000000000000E+09	-1.27470667455091462E+01
8.19140625000000000E+09	-1.26206946455139128E+01
8.19531250000000000E+09	-1.23868305612415970E+01
8.19921875000000000E+09	-1.20569565333238380E+01
8.20312500000000000E+09	-1.16491797994399189E+01
8.20703125000000000E+09	-1.11845030923030997E+01
8.21093750000000000E+09	-1.06834922452292513E+01
8.21484375000000000E+09	-1.01641188453077049E+01
8.21875000000000000E+09	-9.64083038637071255E+00
8.22265625000000000E+09	-9.12450187511276667E+00
8.22656250000000000E+09	-8.62286055544876540E+00
8.23046875000000000E+09	-8.14107955056946508E+00
8.23437500000000000E+09	-7.68236669306736353E+00
8.23828125000000000E+09	-7.24847200616744125E+00
8.24218750000000000E+09	-6.84009366859613266E+00
8.24609375000000000E+09	-6.45718897988665752E+00
8.25000000000000000E+09	-6.09920638888169186E+00
8.25781250000000000E+09	-5.45423253023490506E+00
8.26562500000000000E+09	-4.89598463601283385E+00
8.27343750000000000E+09	-4.41413810520403072E+00
8.28125000000000000E+09	-3.99853278672322565E+00
8.28906250000000000E+09	-3.63978949827242904E+00
8.29687500000000000E+09	-3.32955861784050988E+00
8.30468750000000000E+09	-3.06057253874681923E+00
8.31250000000000000E+09	-2.82659712321871659E+00
8.32031250000000000E+09	-2.62233569316945081E+00
8.32812500000000000E+09	-2.44331565814543161E+00
8.33593750000000000E+09	-2.28577427133574940E+00
8.34375000000000000E+09	-2.14655199482295522E+00
8.35156250000000000E+09	-2.02299726620340836E+00
8.35937500000000000E+09	-1.91288378227729439E+00
8.36718750000000000E+09	-1.81433996300806588E+00
8.37500000000000000E+09	-1.72578954173522847E+00
8.38281250000000000E+09	-1.64590194065896589E+00
8.39062500000000000E+09	-1.57355104480960928E+00
8.39843750000000000E+09	-1.50778106784870469E+00
8.40625000000000000E+09	-1.44777834074186496E+00
8.41406250000000000E+09	-1.39284801050401086E+00
8.42187500000000000E+09	-1.34239478971711135E+00
8.42968750000000000E+09	-1.29590703796979700E+00
8.43750000000000000E+09	-1.25294357959949898E+00
8.45312500000000000E+09	-1.17611339030274342E+00
8.46875000000000000E+09	-1.10941206277934379E+00
8.48437500000000000E+09	-1.05094016475626018E+00
8.50000000000000000E+09	-9.99232283043191560E-01
8.51562500000000000E+09	-9.53144573677616291E-01
8.53125000000000000E+09	-9.11774195859542447E-01
8.54687500000000000E+09	-8.74400943834845346E-01
8.56250000000000000E+09	-8.40444495814220427E-01
8.57812500000000000E+09	-8.09432766761208011E-01
8.59375000000000000E+09	-7.80978239281531872E-01
8.60937500000000000E+09	-7.54760085847701268E-01
8.62500000000000000E+09	-7.30510537049566588E-01
8.65625000000000000E+09	-6.87050882953256670E-01
8.68750000000000000E+09	-6.49173953600960973E-01
8.71875000000000000E+09	-6.15831313440920680E-01
8.75000000000000000E+09	-5.86233062940599847E-01
8.78125000000000000E+09	-5.59771271258787673E-01
8.81250000000000000E+09	-5.35969116762508246E-01
8.84375000000000000E+09	-5.14446276401893110E-01
8.87500000000000000E+09	-4.94894842724482142E-01
8.90625000000000000E+09	-4.77062219098661811E-01
8.93750000000000000E+09	-4.60738738965151384E-01
8.96875000000000000E+09	-4.45748546235967547E-01
9.00000000000000000E+09	-4.31942768260328402E-01
9.03125000000000000E+09	-4.19194327982659598E-01
9.06250000000000000E+09	-4.07393946807526164E-01
9.09375000000000000E+09	-3.96447025269699493E-01
9.12500000000000000E+09	-3.86271179840473100E-01
9.15625000000000000E+09	-3.76794276560829644E-01
9.18750000000000000E+09	-3.67952845449553367E-01
9.21875000000000000E+09	-3.59690790061317878E-01
9.25000000000000000E+09	-3.51958328254668940E-01
9.31250000000000000E+09	-3.37909516508552943E-01
9.37500000000000000E+09	-3.25504569396931343E-01
9.43750000000000000E+09	-3.14499521598193277E-01
9.50000000000000000E+09	-3.04695063434232916E-01
9.56250000000000000E+09	-2.95926839136683384E-01
9.62500000000000000E+09	-2.88058197281077788E-01
9.68750000000000000E+09	-2.80974688075476986E-01
9.75000000000000000E+09	-2.74579828949313265E-01
9.81250000000000000E+09	-2.68791806467434391E-01
9.87500000000000000E+09	-2.63540879720621124E-01
9.93750000000000000E+09	-2.58767316142655079E-01
1.00000000000000000E+10	-2.54419736173414124E-01


freq	dB(S21_fitted)
4.00000000000000000E+09	-6.76961036574852102E+01
4.03125000000000000E+09	-6.68851336380870976E+01
4.06250000000000000E+09	-6.61007569535392463E+01
4.09375000000000000E+09	-6.53396381361206551E+01
4.12500000000000000E+09	-6.45988467158661308E+01
4.15625000000000000E+09	-6.38757895093895556E+01
4.18750000000000000E+09	-6.31681537815438858E+01
4.21875000000000000E+09	-6.24738597215237945E+01
4.25000000000000000E+09	-6.17910206821398873E+01
4.31250000000000000E+09	-6.04529317660431360E+01
4.37500000000000000E+09	-5.91415104859147220E+01
4.43750000000000000E+09	-5.78457941260733648E+01
4.50000000000000000E+09	-5.65556891042568992E+01
4.56250000000000000E+09	-5.52615413362407537E+01
4.62500000000000000E+09	-5.39537764950808878E+01
4.68750000000000000E+09	-5.26225773616055221E+01
4.75000000000000000E+09	-5.12575722680263368E+01
4.81250000000000000E+09	-4.98475113231610649E+01
4.87500000000000000E+09	-4.83799062532875652E+01
4.93750000000000000E+09	-4.68406050695170677E+01
5.00000000000000000E+09	-4.52132632003826274E+01
5.06250000000000000E+09	-4.34786555910845607E+01
5.12500000000000000E+09	-4.16137444454005774E+01
5.18750000000000000E+09	-3.95903649604394374E+01
5.25000000000000000E+09	-3.73732978253397192E+01
5.28125000000000000E+09	-3.61785032467209504E+01
5.31250000000000000E+09	-3.49173272980625384E+01
5.34375000000000000E+09	-3.35817952710214627E+01
5.37500000000000000E+09	-3.21625785977888015E+01
5.39062500000000000E+09	-3.14182236449846997E+01
5.40625000000000000E+09	-3.06486648706453977E+01
5.42187500000000000E+09	-2.98521945795491597E+01
5.43750000000000000E+09	-2.90269432752306180E+01
5.45312500000000000E+09	-2.81708626631282577E+01
5.46875000000000000E+09	-2.72817089825579160E+01
5.48437500000000000E+09	-2.63570286805501119E+01
5.50000000000000000E+09	-2.53941501283687288E+01
5.50781250000000000E+09	-2.48974926506074503E+01
5.51562500000000000E+09	-2.43901880246442815E+01
5.52343750000000000E+09	-2.38718468660413592E+01
5.53125000000000000E+09	-2.33420722642085288E+01
5.53906250000000000E+09	-2.28004636088457033E+01
5.54687500000000000E+09	-2.22466220206288838E+01
5.55468750000000000E+09	-2.16801579203396244E+01
5.56250000000000000E+09	-2.11007014404673221E+01
5.56640625000000000E+09	-2.08059942581068498E+01
5.57031250000000000E+09	-2.05079166039821956E+01
5.57421875000000000E+09	-2.02064349138274082E+01
5.57812500000000000E+09	-1.99015204785243007E+01
5.58203125000000000E+09	-1.95931504291346563E+01
5.58593750000000000E+09	-1.92813088725490189E+01
5.58984375000000000E+09	-1.89659881985222434E+01
5.59375000000000000E+09	-1.86471905811755221E+01
5.59765625000000000E+09	-1.83249297003976217E+01
5.60156250000000000E+09	-1.79992327108784771E+01
5.60546875000000000E+09	-1.76701424886098479E+01
5.60937500000000000E+09	-1.73377201863860009E+01
5.61328125000000000E+09	-1.70020481308413949E+01
5.61718750000000000E+09	-1.66632330934802368E+01
5.62109375000000000E+09	-1.63214099664597576E+01
5.62500000000000000E+09	-1.59767458698917437E+01
5.62890625000000000E+09	-1.56294447102543881E+01
5.63281250000000000E+09	-1.52797521980460225E+01
5.63671875000000000E+09	-1.49279613157347377E+01
5.64062500000000000E+09	-1.45744182027871574E+01
5.64453125000000000E+09	-1.42195283913429549E+01
5.64843750000000000E+09	-1.38637632821011962E+01
5.65234375000000000E+09	-1.35076666934915011E+01
5.65625000000000000E+09	-1.31518612469659057E+01
5.66015625000000000E+09	-1.27970542669812595E+01
5.66406250000000000E+09	-1.24440427773340208E+01
5.66796875000000000E+09	-1.20937170699240752E+01
5.67187500000000000E+09	-1.17470622153529938E+01
5.67382812500000000E+09	-1.15754448648268635E+01
5.67578125000000000E+09	-1.14051567892637102E+01
5.67773437500000000E+09	-1.12363466273324537E+01
5.67968750000000000E+09	-1.10691680216628150E+01
5.68164062500000000E+09	-1.09037792151745130E+01
5.68359375000000000E+09	-1.07403425616831996E+01
5.68554687500000000E+09	-1.05790239465636056E+01
5.68750000000000000E+09	-1.04199921144118779E+01
5.68945312500000000E+09	-1.02634179020916942E+01
5.69140625000000000E+09	-1.01094733772739076E+01
5.69335937500000000E+09	-9.95833088458289595E+00
5.69531250000000000E+09	-9.81016200370780034E+00
5.69726562500000000E+09	-9.66513642630189906E+00
5.69921875000000000E+09	-9.52342076110127955E+00
5.70117187500000000E+09	-9.38517727938257984E+00
5.70312500000000000E+09	-9.25056261554962411E+00
5.70507812500000000E+09	-9.11972644018671552E+00
5.70703125000000000E+09	-8.99281012522331125E+00
5.70898437500000000E+09	-8.86994542280023524E+00
5.71093750000000000E+09	-8.75125318088987747E+00
5.71289062500000000E+09	-8.63684211959248671E+00
5.71484375000000000E+09	-8.52680769221337798E+00
5.71679687500000000E+09	-8.42123105465465471E+00
5.71875000000000000E+09	-8.32017816529402410E+00
5.72265625000000000E+09	-8.13182714705121867E+00
5.72656250000000000E+09	-7.96195416465113848E+00
5.73046875000000000E+09	-7.81048606942528600E+00
5.73437500000000000E+09	-7.67707968725211298E+00
5.73828125000000000E+09	-7.56113652851584028E+00
5.74218750000000000E+09	-7.46182820093841936E+00
5.74609375000000000E+09	-7.37813026900430557E+00
5.75000000000000000E+09	-7.30886173704751752E+00
5.75390625000000000E+09	-7.25272714964334320E+00
5.75781250000000000E+09	-7.20835847822727782E+00
5.76171875000000000E+09	-7.17435441438339794E+00
5.76562500000000000E+09	-7.14931530543144156E+00
5.76953125000000000E+09	-7.13187263285787854E+00
5.77343750000000000E+09	-7.12071255521957802E+00
5.77734375000000000E+09	-7.11459355241169344E+00
5.78125000000000000E+09	-7.11235858844164870E+00
5.78515625000000000E+09	-7.11294245301931394E+00
5.78906250000000000E+09	-7.11537506461396330E+00
5.79296875000000000E+09	-7.11878154483280401E+00
5.79687500000000000E+09	-7.12237983406287078E+00
5.80078125000000000E+09	-7.12547653692709559E+00
5.80468750000000000E+09	-7.12746158407087549E+00
5.80859375000000000E+09	-7.12780218942789823E+00
5.81250000000000000E+09	-7.12603647957278064E+00
5.82031250000000000E+09	-7.11465486462748586E+00
5.82812500000000000E+09	-7.09080145432058728E+00
5.83593750000000000E+09	-7.05271262639245311E+00
5.84375000000000000E+09	-6.99922103865254552E+00
5.85156250000000000E+09	-6.92962988680817737E+00
5.85937500000000000E+09	-6.84361503662870696E+00
5.86718750000000000E+09	-6.74115154813669015E+00
5.87500000000000000E+09	-6.62246070229916217E+00
5.88281250000000000E+09	-6.48797386925872566E+00
5.89062500000000000E+09	-6.33831002694018153E+00
5.89843750000000000E+09	-6.17426423400556335E+00
5.90625000000000000E+09	-5.99680477045719496E+00
5.91406250000000000E+09	-5.80707692853265645E+00
5.92187500000000000E+09	-5.60641154110201523E+00
5.92968750000000000E+09	-5.39633626575816550E+00
5.93750000000000000E+09	-5.17858740408272489E+00
5.94531250000000000E+09	-4.95511964809796890E+00
5.95312500000000000E+09	-4.72811065790918406E+00
5.96093750000000000E+09	-4.49995687549228496E+00
5.96875000000000000E+09	-4.27325661372369581E+00
5.97265625000000000E+09	-4.16131085144651092E+00
5.97656250000000000E+09	-4.05077643124886588E+00
5.98046875000000000E+09	-3.94201664379169436E+00
5.98437500000000000E+09	-3.83539736201351289E+00
5.98828125000000000E+09	-3.73128413651430391E+00
5.99218750000000000E+09	-3.63003895991513481E+00
5.99609375000000000E+09	-3.53201673523519277E+00
6.00000000000000000E+09	-3.43756149915860920E+00
6.00390625000000000E+09	-3.34700246711972849E+00
6.00781250000000000E+09	-3.26064998247870763E+00
6.01171875000000000E+09	-3.17879146561419912E+00
6.01562500000000000E+09	-3.10168746939793483E+00
6.01953125000000000E+09	-3.02956795414938806E+00
6.02343750000000000E+09	-2.96262889686620134E+00
6.02734375000000000E+09	-2.90102934562783510E+00
6.03125000000000000E+09	-2.84488902029082569E+00
6.03515625000000000E+09	-2.79428654509581031E+00
6.03906250000000000E+09	-2.74925837822447727E+00
6.04296875000000000E+09	-2.70979847876479596E+00
6.04687500000000000E+09	-2.67585872441870087E+00
6.05078125000000000E+09	-2.64735006531360906E+00
6.05468750000000000E+09	-2.62414437223420283E+00
6.05859375000000000E+09	-2.60607691316122470E+00
6.06250000000000000E+09	-2.59294937162927353E+00
6.06640625000000000E+09	-2.58453330516114832E+00
6.07031250000000000E+09	-2.58057393251615874E+00
6.07421875000000000E+09	-2.58079413484383613E+00
6.07812500000000000E+09	-2.58489855775707555E+00
6.08203125000000000E+09	-2.59257770815620070E+00
6.08593750000000000E+09	-2.60351195040431538E+00
6.08984375000000000E+09	-2.61737532008401264E+00
6.09375000000000000E+09	-2.63383908892458374E+00
6.09765625000000000E+09	-2.65257503050930410E+00
6.10156250000000000E+09	-2.67325835211871254E+00
6.10546875000000000E+09	-2.69557027278565187E+00
6.10937500000000000E+09	-2.71920024078187206E+00
6.11328125000000000E+09	-2.74384779497566100E+00
6.11718750000000000E+09	-2.76922408363129957E+00
6.12109375000000000E+09	-2.79505306125235942E+00
6.12500000000000000E+09	-2.82107238911034308E+00
6.13281250000000000E+09	-2.87270483615865135E+00
6.14062500000000000E+09	-2.92231523306946350E+00
6.14843750000000000E+09	-2.96833526979869244E+00
6.15625000000000000E+09	-3.00942878939700531E+00
6.16406250000000000E+09	-3.04447985244338692E+00
6.17187500000000000E+09	-3.07257726101029949E+00
6.17968750000000000E+09	-3.09299758065322772E+00
6.18750000000000000E+09	-3.10518812870900618E+00
6.19531250000000000E+09	-3.10875092061048575E+00
6.20312500000000000E+09	-3.10342819070284826E+00
6.21093750000000000E+09	-3.08908982193253578E+00
6.21875000000000000E+09	-3.06572281414444436E+00
6.22656250000000000E+09	-3.03342277593519949E+00
6.23437500000000000E+09	-2.99238732339183233E+00
6.24218750000000000E+09	-2.94291119623800990E+00
6.25000000000000000E+09	-2.88538284631130715E+00
6.25781250000000000E+09	-2.82028220603909840E+00
6.26562500000000000E+09	-2.74817929937772387E+00
6.27343750000000000E+09	-2.66973331068046171E+00
6.28125000000000000E+09	-2.58569167675017475E+00
6.28906250000000000E+09	-2.49688871506744992E+00
6.29687500000000000E+09	-2.40424325083246559E+00
6.30468750000000000E+09	-2.30875466405888652E+00
6.31250000000000000E+09	-2.21149675572197424E+00
6.32031250000000000E+09	-2.11360884199247501E+00
6.32812500000000000E+09	-2.01628354293127465E+00
6.33593750000000000E+09	-1.92075085177828964E+00
6.34375000000000000E+09	-1.82825826532106972E+00
6.35156250000000000E+09	-1.74004703002495620E+00
6.35937500000000000E+09	-1.65732490649159248E+00
6.36718750000000000E+09	-1.58123625487005848E+00
6.37500000000000000E+09	-1.51283065728484356E+00
6.38281250000000000E+09	-1.45303166584280463E+00
6.39062500000000000E+09	-1.40260753303201313E+00
6.39843750000000000E+09	-1.36214588435597461E+00
6.40625000000000000E+09	-1.33203418644251248E+00
6.41406250000000000E+09	-1.31244753334695652E+00
6.42187500000000000E+09	-1.30334474365620734E+00
6.42968750000000000E+09	-1.30447309389967736E+00
6.43750000000000000E+09	-1.31538130023446631E+00
6.44531250000000000E+09	-1.33543970066311712E+00
6.45312500000000000E+09	-1.36386607309600150E+00
6.46093750000000000E+09	-1.39975521022459493E+00
6.46875000000000000E+09	-1.44211028157903653E+00
6.47656250000000000E+09	-1.48987412922130735E+00
6.48437500000000000E+09	-1.54195891998465351E+00
6.49218750000000000E+09	-1.59727295229023736E+00
6.50000000000000000E+09	-1.65474382631445938E+00
6.50781250000000000E+09	-1.71333757926865360E+00
6.51562500000000000E+09	-1.77207372523118423E+00
6.52343750000000000E+09	-1.83003640101161569E+00
6.53125000000000000E+09	-1.88638200069551032E+00
6.53906250000000000E+09	-1.94034378764901172E+00
6.54687500000000000E+09	-1.99123401629008190E+00
6.55468750000000000E+09	-2.03844409198856358E+00
6.56250000000000000E+09	-2.08144326100750421E+00
6.57031250000000000E+09	-2.11977626649426609E+00
6.57812500000000000E+09	-2.15306034150157943E+00
6.58593750000000000E+09	-2.18098184334905509E+00
6.59375000000000000E+09	-2.20329277023577674E+00
6.60156250000000000E+09	-2.21980734370598398E+00
6.60937500000000000E+09	-2.23039879059731216E+00
6.61718750000000000E+09	-2.23499641561702855E+00
6.62500000000000000E+09	-2.23358302015021559E+00
6.63281250000000000E+09	-2.22619269336472092E+00
6.64062500000000000E+09	-2.21290897702765310E+00
6.64843750000000000E+09	-2.19386338455053753E+00
6.65625000000000000E+09	-2.16923423657653025E+00
6.66406250000000000E+09	-2.13924575899808245E+00
6.67187500000000000E+09	-2.10416737392343656E+00
6.67968750000000000E+09	-2.06431309929821216E+00
6.68750000000000000E+09	-2.02004095839912523E+00
6.69531250000000000E+09	-1.97175228631327126E+00
6.70312500000000000E+09	-1.91989080719480953E+00
6.71093750000000000E+09	-1.86494134431451486E+00
6.71875000000000000E+09	-1.80742801583765589E+00
6.72656250000000000E+09	-1.74791176441707874E+00
6.73437500000000000E+09	-1.68698706994654590E+00
6.74218750000000000E+09	-1.62527770429202256E+00
6.75000000000000000E+09	-1.56343140666695279E+00
6.75781250000000000E+09	-1.50211339047908865E+00
6.76562500000000000E+09	-1.44199863830819086E+00
6.77343750000000000E+09	-1.38376300152041920E+00
6.78125000000000000E+09	-1.32807319377745525E+00
6.78906250000000000E+09	-1.27557585040574439E+00
6.79687500000000000E+09	-1.22688591324784091E+00
6.80468750000000000E+09	-1.18257468621863948E+00
6.81250000000000000E+09	-1.14315798176805439E+00
6.82031250000000000E+09	-1.10908483352187215E+00
6.82812500000000000E+09	-1.08072727674958946E+00
6.83593750000000000E+09	-1.05837168913020352E+00
6.84375000000000000E+09	-1.04221213601526608E+00
6.85156250000000000E+09	-1.03234607785187049E+00
6.85937500000000000E+09	-1.02877267824779173E+00
6.86718750000000000E+09	-1.03139380935625402E+00
6.87500000000000000E+09	-1.04001770004298710E+00
6.88281250000000000E+09	-1.05436502624257544E+00
6.89062500000000000E+09	-1.07407711583203636E+00
6.89843750000000000E+09	-1.09872584335446644E+00
6.90625000000000000E+09	-1.12782472999311811E+00
6.91406250000000000E+09	-1.16084074353886413E+00
6.92187500000000000E+09	-1.19720630935517969E+00
6.92968750000000000E+09	-1.23633109049139489E+00
6.93750000000000000E+09	-1.27761316474296249E+00
6.94531250000000000E+09	-1.32044930932110893E+00
6.95312500000000000E+09	-1.36424419098050564E+00
6.96093750000000000E+09	-1.40841834343191219E+00
6.96875000000000000E+09	-1.45241488901492977E+00
6.97656250000000000E+09	-1.49570502437975783E+00
6.98437500000000000E+09	-1.53779233870572107E+00
6.99218750000000000E+09	-1.57821606772999257E+00
7.00000000000000000E+09	-1.61655340868142661E+00
7.00781250000000000E+09	-1.65242103192773815E+00
7.01562500000000000E+09	-1.68547592689691084E+00
7.02343750000000000E+09	-1.71541571480588395E+00
7.03125000000000000E+09	-1.74197855093305454E+00
7.03906250000000000E+09	-1.76494272633138793E+00
7.04687500000000000E+09	-1.78412606438301480E+00
7.05468750000000000E+09	-1.79938519249007012E+00
7.06250000000000000E+09	-1.81061475421522466E+00
7.07031250000000000E+09	-1.81774661279809768E+00
7.07812500000000000E+09	-1.82074908343566344E+00
7.08593750000000000E+09	-1.81962621912181888E+00
7.09375000000000000E+09	-1.81441716317577928E+00
7.10156250000000000E+09	-1.80519557076335624E+00
7.10937500000000000E+09	-1.79206909160906558E+00
7.11718750000000000E+09	-1.77517889658596606E+00
7.12500000000000000E+09	-1.75469922185583349E+00
7.13281250000000000E+09	-1.73083689566173105E+00
7.14062500000000000E+09	-1.70383080476568294E+00
7.14843750000000000E+09	-1.67395124997823164E+00
7.15625000000000000E+09	-1.64149913345094767E+00
7.16406250000000000E+09	-1.60680491471546771E+00
7.17187500000000000E+09	-1.57022726829253689E+00
7.17968750000000000E+09	-1.53215137361318421E+00
7.18750000000000000E+09	-1.49298676864002378E+00
7.19531250000000000E+09	-1.45316470265929842E+00
7.20312500000000000E+09	-1.41313493194598072E+00
7.21093750000000000E+09	-1.37336191502621863E+00
7.21875000000000000E+09	-1.33432038253372642E+00
7.22656250000000000E+09	-1.29649028035104252E+00
7.23437500000000000E+09	-1.26035111358993790E+00
7.24218750000000000E+09	-1.22637575221548922E+00
7.25000000000000000E+09	-1.19502379535575076E+00
7.25781250000000000E+09	-1.16673462852618326E+00
7.26562500000000000E+09	-1.14192034351739036E+00
7.27343750000000000E+09	-1.12095872150707287E+00
7.28125000000000000E+09	-1.10418650286382913E+00
7.28906250000000000E+09	-1.09189317910266959E+00
7.29687500000000000E+09	-1.08431554111111095E+00
7.30468750000000000E+09	-1.08163320165416765E+00
7.31250000000000000E+09	-1.08396527914688701E+00
7.32031250000000000E+09	-1.09136838508565814E+00
7.32812500000000000E+09	-1.10383600213018074E+00
7.33593750000000000E+09	-1.12129927761820758E+00
7.34375000000000000E+09	-1.14362919305262389E+00
7.35156250000000000E+09	-1.17064000884389818E+00
7.35937500000000000E+09	-1.20209382998476677E+00
7.36718750000000000E+09	-1.23770609615846605E+00
7.37500000000000000E+09	-1.27715177154214321E+00
7.38281250000000000E+09	-1.32007199630126992E+00
7.39062500000000000E+09	-1.36608096306643412E+00
7.39843750000000000E+09	-1.41477279588431903E+00
7.40625000000000000E+09	-1.46572823367452121E+00
7.41406250000000000E+09	-1.51852095202867021E+00
7.42187500000000000E+09	-1.57272339306697084E+00
7.42968750000000000E+09	-1.62791201005134756E+00
7.43750000000000000E+09	-1.68367186903342958E+00
7.44531250000000000E+09	-1.73960058208531021E+00
7.45312500000000000E+09	-1.79531157435313538E+00
7.46093750000000000E+09	-1.85043670963127549E+00
7.46875000000000000E+09	-1.90462831623312456E+00
7.47656250000000000E+09	-1.95756066689011243E+00
7.48437500000000000E+09	-2.00893097377470564E+00
7.49218750000000000E+09	-2.05845996320779712E+00
7.50000000000000000E+09	-2.10589209493391172E+00
7.50781250000000000E+09	-2.15099548877707791E+00
7.51562500000000000E+09	-2.19356161771621982E+00
7.52343750000000000E+09	-2.23340482154209985E+00
7.53125000000000000E+09	-2.27036168977493569E+00
7.53906250000000000E+09	-2.30429035682612460E+00
7.54687500000000000E+09	-2.33506974677290513E+00
7.55468750000000000E+09	-2.36259879978847298E+00
7.56250000000000000E+09	-2.38679570736668500E+00
7.57031250000000000E+09	-2.40759717907307058E+00
7.57812500000000000E+09	-2.42495775967141958E+00
7.58593750000000000E+09	-2.43884921210873173E+00
7.59375000000000000E+09	-2.44925997895778558E+00
7.60156250000000000E+09	-2.45619473246329578E+00
7.60937500000000000E+09	-2.45967402124913370E+00
7.61718750000000000E+09	-2.45973401994622787E+00
7.62500000000000000E+09	-2.45642638641174615E+00
7.63281250000000000E+09	-2.44981822974470953E+00
7.64062500000000000E+09	-2.43999219086970243E+00
7.64843750000000000E+09	-2.42704663596465231E+00
7.65625000000000000E+09	-2.41109596135079496E+00
7.66406250000000000E+09	-2.39227100653966662E+00
7.67187500000000000E+09	-2.37071956983528942E+00
7.67968750000000000E+09	-2.34660701810901529E+00
7.68750000000000000E+09	-2.32011697898926839E+00
7.69531250000000000E+09	-2.29145209963146890E+00
7.70312500000000000E+09	-2.26083485135780071E+00
7.71093750000000000E+09	-2.22850835370579325E+00
7.71875000000000000E+09	-2.19473718475410173E+00
7.72656250000000000E+09	-2.15980813700891661E+00
7.73437500000000000E+09	-2.12403086971130017E+00
7.74218750000000000E+09	-2.08773839933649574E+00
7.75000000000000000E+09	-2.05128736059733541E+00
7.75781250000000000E+09	-2.01505796088639588E+00
7.76562500000000000E+09	-1.97945354242665350E+00
7.77343750000000000E+09	-1.94489965928157837E+00
7.78125000000000000E+09	-1.91184257184130812E+00
7.78906250000000000E+09	-1.88074706068022079E+00
7.79687500000000000E+09	-1.85209346613660197E+00
7.80468750000000000E+09	-1.82637387100571558E+00
7.81250000000000000E+09	-1.80408736267128833E+00
7.82031250000000000E+09	-1.78573433883932031E+00
7.82812500000000000E+09	-1.77180985826576309E+00
7.83593750000000000E+09	-1.76279608417843026E+00
7.84375000000000000E+09	-1.75915392214979693E+00
7.85156250000000000E+09	-1.76131401344077698E+00
7.85937500000000000E+09	-1.76966730551709728E+00
7.86718750000000000E+09	-1.78455547863184738E+00
7.87500000000000000E+09	-1.80626155540577016E+00
7.87890625000000000E+09	-1.81974151858197764E+00
7.88281250000000000E+09	-1.83500105338087249E+00
7.88671875000000000E+09	-1.85205524949423572E+00
7.89062500000000000E+09	-1.87091405332290517E+00
7.89453125000000000E+09	-1.89158209532211252E+00
7.89843750000000000E+09	-1.91405854478868775E+00
7.90234375000000000E+09	-1.93833699403250148E+00
7.90625000000000000E+09	-1.96440537354826561E+00
7.91406250000000000E+09	-2.02183505401134722E+00
7.92187500000000000E+09	-2.08613662793499000E+00
7.92968750000000000E+09	-2.15700865510856854E+00
7.93750000000000000E+09	-2.23406232106200964E+00
7.94531250000000000E+09	-2.31682655060396669E+00
7.95312500000000000E+09	-2.40475493327688383E+00
7.96093750000000000E+09	-2.49723420522317996E+00
7.96875000000000000E+09	-2.59359399674897029E+00
7.97656250000000000E+09	-2.69311754854973318E+00
7.98437500000000000E+09	-2.79505312191283384E+00
7.99218750000000000E+09	-2.89862587677694883E+00
8.00000000000000000E+09	-3.00305006233309069E+00
8.00781250000000000E+09	-3.10754145324708553E+00
8.01562500000000000E+09	-3.21133006602354243E+00
8.02343750000000000E+09	-3.31367330064849641E+00
8.03125000000000000E+09	-3.41386976953887888E+00
8.03906250000000000E+09	-3.51127419696940768E+00
8.04687500000000000E+09	-3.60531389591371276E+00
8.05468750000000000E+09	-3.69550745341297482E+00
8.06250000000000000E+09	-3.78148637578492419E+00
8.07031250000000000E+09	-3.86302055226075369E+00
8.07812500000000000E+09	-3.94004847299997119E+00
8.08593750000000000E+09	-4.01271315500348980E+00
8.09375000000000000E+09	-4.08140463801154141E+00
8.10156250000000000E+09	-4.14680963571417216E+00
8.10937500000000000E+09	-4.20996835435464689E+00
8.11718750000000000E+09	-4.27233747101070183E+00
8.12500000000000000E+09	-4.33585661594040239E+00
8.13281250000000000E+09	-4.40301324696614849E+00
8.14062500000000000E+09	-4.47689743819263963E+00
8.14843750000000000E+09	-4.56123395648755992E+00
8.15625000000000000E+09	-4.66037464401271428E+00
8.16015625000000000E+09	-4.71701290759635938E+00
8.16406250000000000E+09	-4.77923084895062278E+00
8.16796875000000000E+09	-4.84770558808458230E+00
8.17187500000000000E+09	-4.92312558528528577E+00
8.17578125000000000E+09	-5.00618072871252284E+00
8.17968750000000000E+09	-5.09755098185116662E+00
8.18359375000000000E+09	-5.19789380886537167E+00
8.18750000000000000E+09	-5.30783070877841379E+00
8.19140625000000000E+09	-5.42793329999281404E+00
8.19531250000000000E+09	-5.55870949308417650E+00
8.19921875000000000E+09	-5.70059035912977130E+00
8.20312500000000000E+09	-5.85391833093747316E+00
8.20703125000000000E+09	-6.01893735619353354E+00
8.21093750000000000E+09	-6.19578555046436019E+00
8.21484375000000000E+09	-6.38449077629289174E+00
8.21875000000000000E+09	-6.58496941131352820E+00
8.22265625000000000E+09	-6.79702837841422891E+00
8.22656250000000000E+09	-7.02037031358055508E+00
8.23046875000000000E+09	-7.25460156240085929E+00
8.23437500000000000E+09	-7.49924254256869016E+00
8.23828125000000000E+09	-7.75373990069610830E+00
8.24218750000000000E+09	-8.01747983456425573E+00
8.24609375000000000E+09	-8.28980194693930450E+00
8.25000000000000000E+09	-8.57001303851895813E+00
8.25781250000000000E+09	-9.15124366662653088E+00
8.26562500000000000E+09	-9.75544531862716902E+00
8.27343750000000000E+09	-1.03770877972944486E+01
8.28125000000000000E+09	-1.10110651186534874E+01
8.28906250000000000E+09	-1.16528300929186734E+01
8.29687500000000000E+09	-1.22984511296490862E+01
8.30468750000000000E+09	-1.29446118702453390E+01
8.31250000000000000E+09	-1.35885736248164424E+01
8.32031250000000000E+09	-1.42281170755796111E+01
8.32812500000000000E+09	-1.48614753323359938E+01
8.33593750000000000E+09	-1.54872663667382930E+01
8.34375000000000000E+09	-1.61044296138866265E+01
8.35156250000000000E+09	-1.67121691971826678E+01
8.35937500000000000E+09	-1.73099046870679345E+01
8.36718750000000000E+09	-1.78972293619590808E+01
8.37500000000000000E+09	-1.84738754210787413E+01
8.38281250000000000E+09	-1.90396853580261833E+01
8.39062500000000000E+09	-1.95945886334836636E+01
8.39843750000000000E+09	-2.01385828118211947E+01
8.40625000000000000E+09	-2.06717184018958164E+01
8.41406250000000000E+09	-2.11940867378081279E+01
8.42187500000000000E+09	-2.17058103338881345E+01
8.42968750000000000E+09	-2.22070352407598257E+01
8.43750000000000000E+09	-2.26979250118223561E+01
8.45312500000000000E+09	-2.36494134491007735E+01
8.46875000000000000E+09	-2.45617780470265181E+01
8.48437500000000000E+09	-2.54365880830115856E+01
8.50000000000000000E+09	-2.62754295350698932E+01
8.51562500000000000E+09	-2.70798762246781841E+01
8.53125000000000000E+09	-2.78514739488859639E+01
8.54687500000000000E+09	-2.85917323100443674E+01
8.56250000000000000E+09	-2.93021209146473254E+01
8.57812500000000000E+09	-2.99840678820373476E+01
8.59375000000000000E+09	-3.06389594246523735E+01
8.60937500000000000E+09	-3.12681397910704533E+01
8.62500000000000000E+09	-3.18729112016914904E+01
8.65625000000000000E+09	-3.30142243227915273E+01
8.68750000000000000E+09	-3.40724627397847755E+01
8.71875000000000000E+09	-3.50564877476588492E+01
8.75000000000000000E+09	-3.59744397735520138E+01
8.78125000000000000E+09	-3.68337293378570010E+01
8.81250000000000000E+09	-3.76410424245637572E+01
8.84375000000000000E+09	-3.84023614493070653E+01
8.87500000000000000E+09	-3.91230000147541830E+01
8.90625000000000000E+09	-3.98076480175998384E+01
8.93750000000000000E+09	-4.04604231989568248E+01
8.96875000000000000E+09	-4.10849255170207428E+01
9.00000000000000000E+09	-4.16842913968335509E+01
9.03125000000000000E+09	-4.22612457050171884E+01
9.06250000000000000E+09	-4.28181500429734569E+01
9.09375000000000000E+09	-4.33570465712399411E+01
9.12500000000000000E+09	-4.38796970480942932E+01
9.15625000000000000E+09	-4.43876170965948447E+01
9.18750000000000000E+09	-4.48821059297278779E+01
9.21875000000000000E+09	-4.53642718904682951E+01
9.25000000000000000E+09	-4.58350542274992634E+01
9.31250000000000000E+09	-4.67454873910778801E+01
9.37500000000000000E+09	-4.76181699611459024E+01
9.43750000000000000E+09	-4.84560776394644819E+01
9.50000000000000000E+09	-4.92606784017837356E+01
9.56250000000000000E+09	-5.00321443209407022E+01
9.62500000000000000E+09	-5.07695303878388131E+01
9.68750000000000000E+09	-5.14709522374150907E+01
9.75000000000000000E+09	-5.21337899340635218E+01
9.81250000000000000E+09	-5.27549378667507938E+01
9.87500000000000000E+09	-5.33311095128864423E+01
9.93750000000000000E+09	-5.38591897356447973E+01
1.00000000000000000E+10	-5.43366081805500869E+01


freq	dB(S22_fitted)
4.00000000000000000E+09	-6.05770460066330507E-02
4.03125000000000000E+09	-6.18928210010608118E-02
4.06250000000000000E+09	-6.32538999264706803E-02
4.09375000000000000E+09	-6.46627755314807262E-02
4.12500000000000000E+09	-6.61221393887437142E-02
4.15625000000000000E+09	-6.76349022981118098E-02
4.18750000000000000E+09	-6.92042172587448434E-02
4.21875000000000000E+09	-7.08335053969503248E-02
4.25000000000000000E+09	-7.25264853037834861E-02
4.31250000000000000E+09	-7.61200863946966261E-02
4.37500000000000000E+09	-8.00221040477896439E-02
4.43750000000000000E+09	-8.42770605514090027E-02
4.50000000000000000E+09	-8.89388939891131575E-02
4.56250000000000000E+09	-9.40736034689849121E-02
4.62500000000000000E+09	-9.97628427847141175E-02
4.68750000000000000E+09	-1.06108886001742009E-01
4.75000000000000000E+09	-1.13241619878686722E-01
4.81250000000000000E+09	-1.21328602260312030E-01
4.87500000000000000E+09	-1.30589883449388516E-01
4.93750000000000000E+09	-1.41320453638488108E-01
5.00000000000000000E+09	-1.53925328932798533E-01
5.06250000000000000E+09	-1.68976431627931883E-01
5.12500000000000000E+09	-1.87308827032395264E-01
5.18750000000000000E+09	-2.10191982337518984E-01
5.25000000000000000E+09	-2.39653510248909601E-01
5.28125000000000000E+09	-2.57841404417847808E-01
5.31250000000000000E+09	-2.79137662789381957E-01
5.34375000000000000E+09	-3.04429624407195565E-01
5.37500000000000000E+09	-3.34970954795190734E-01
5.39062500000000000E+09	-3.52749563259956156E-01
5.40625000000000000E+09	-3.72584949985720060E-01
5.42187500000000000E+09	-3.94850728339403989E-01
5.43750000000000000E+09	-4.20012890066004674E-01
5.45312500000000000E+09	-4.48658697575323950E-01
5.46875000000000000E+09	-4.81536496185178409E-01
5.48437500000000000E+09	-5.19611269419314237E-01
5.50000000000000000E+09	-5.64143174517486412E-01
5.50781250000000000E+09	-5.89331801483872653E-01
5.51562500000000000E+09	-6.16800027535310713E-01
5.52343750000000000E+09	-6.46846713422708497E-01
5.53125000000000000E+09	-6.79820491324762965E-01
5.53906250000000000E+09	-7.16129559785085412E-01
5.54687500000000000E+09	-7.56253628591474492E-01
5.55468750000000000E+09	-8.00758502983207832E-01
5.56250000000000000E+09	-8.50313894529681757E-01
5.56640625000000000E+09	-8.77228485165058136E-01
5.57031250000000000E+09	-9.05715147979935464E-01
5.57421875000000000E+09	-9.35897263702112903E-01
5.57812500000000000E+09	-9.67909663560025946E-01
5.58203125000000000E+09	-1.00189976974544415E+00
5.58593750000000000E+09	-1.03802883989437489E+00
5.58984375000000000E+09	-1.07647331909945176E+00
5.59375000000000000E+09	-1.11742630046501934E+00
5.59765625000000000E+09	-1.16109909146466173E+00
5.60156250000000000E+09	-1.20772287790974708E+00
5.60546875000000000E+09	-1.25755046960005856E+00
5.60937500000000000E+09	-1.31085810092865551E+00
5.61328125000000000E+09	-1.36794724485135766E+00
5.61718750000000000E+09	-1.42914637841407410E+00
5.62109375000000000E+09	-1.49481261080756056E+00
5.62500000000000000E+09	-1.56533304861376044E+00
5.62890625000000000E+09	-1.64112572494124631E+00
5.63281250000000000E+09	-1.72263985639668182E+00
5.63671875000000000E+09	-1.81035511062321008E+00
5.64062500000000000E+09	-1.90477946331546688E+00
5.64453125000000000E+09	-2.00644509286377959E+00
5.64843750000000000E+09	-2.11590159914896603E+00
5.65234375000000000E+09	-2.23370563806853140E+00
5.65625000000000000E+09	-2.36040583613118393E+00
5.66015625000000000E+09	-2.49652159760185599E+00
5.66406250000000000E+09	-2.64251415975692971E+00
5.66796875000000000E+09	-2.79874802906832532E+00
5.67187500000000000E+09	-2.96544081286547101E+00
5.67382812500000000E+09	-3.05272176859795685E+00
5.67578125000000000E+09	-3.14259956368163795E+00
5.67773437500000000E+09	-3.23502929715889476E+00
5.67968750000000000E+09	-3.32994225752694817E+00
5.68164062500000000E+09	-3.42724265874572875E+00
5.68359375000000000E+09	-3.52680419306515347E+00
5.68554687500000000E+09	-3.62846644964870224E+00
5.68750000000000000E+09	-3.73203126848569999E+00
5.68945312500000000E+09	-3.83725912336561992E+00
5.69140625000000000E+09	-3.94386565560080671E+00
5.69335937500000000E+09	-4.05151851119037421E+00
5.69531250000000000E+09	-4.15983466713542249E+00
5.69726562500000000E+09	-4.26837846581043490E+00
5.69921875000000000E+09	-4.37666060697597192E+00
5.70117187500000000E+09	-4.48413837146150041E+00
5.70312500000000000E+09	-4.59021736403053637E+00
5.70507812500000000E+09	-4.69425505985623737E+00
5.70703125000000000E+09	-4.79556641330495292E+00
5.70898437500000000E+09	-4.89343173347889326E+00
5.71093750000000000E+09	-4.98710694359109574E+00
5.71289062500000000E+09	-5.07583621868739510E+00
5.71484375000000000E+09	-5.15886684047800248E+00
5.71679687500000000E+09	-5.23546592643499586E+00
5.71875000000000000E+09	-5.30493849631897252E+00
5.72265625000000000E+09	-5.42002549277103896E+00
5.72656250000000000E+09	-5.50002135274588522E+00
5.73046875000000000E+09	-5.54250758714670777E+00
5.73437500000000000E+09	-5.54705584070723479E+00
5.73828125000000000E+09	-5.51525833187439574E+00
5.74218750000000000E+09	-5.45048113967664705E+00
5.74609375000000000E+09	-5.35740720171687101E+00
5.75000000000000000E+09	-5.24148001791936480E+00
5.75390625000000000E+09	-5.10836169136545770E+00
5.75781250000000000E+09	-4.96348829242805678E+00
5.76171875000000000E+09	-4.81176169344385940E+00
5.76562500000000000E+09	-4.65737842682340641E+00
5.76953125000000000E+09	-4.50377202040432678E+00
5.77343750000000000E+09	-4.35363598730677914E+00
5.77734375000000000E+09	-4.20899577162996064E+00
5.78125000000000000E+09	-4.07130428073781925E+00
5.78515625000000000E+09	-3.94154328372133156E+00
5.78906250000000000E+09	-3.82031977316190385E+00
5.79296875000000000E+09	-3.70795156490697408E+00
5.79687500000000000E+09	-3.60453991739374402E+00
5.80078125000000000E+09	-3.51002909410619912E+00
5.80468750000000000E+09	-3.42425395225344209E+00
5.80859375000000000E+09	-3.34697715557241082E+00
5.81250000000000000E+09	-3.27791773510550399E+00
5.82031250000000000E+09	-3.16323269050880285E+00
5.82812500000000000E+09	-3.07776758692085117E+00
5.83593750000000000E+09	-3.01929234917189104E+00
5.84375000000000000E+09	-2.98594251330463933E+00
5.85156250000000000E+09	-2.97629005872889163E+00
5.85937500000000000E+09	-2.98936642532835783E+00
5.86718750000000000E+09	-3.02466444350906727E+00
5.87500000000000000E+09	-3.08213436825661669E+00
5.88281250000000000E+09	-3.16218248823072301E+00
5.89062500000000000E+09	-3.26567699475190443E+00
5.89843750000000000E+09	-3.39396374126569977E+00
5.90625000000000000E+09	-3.54889346373700842E+00
5.91406250000000000E+09	-3.73286151912629593E+00
5.92187500000000000E+09	-3.94886095384690794E+00
5.92968750000000000E+09	-4.20054954018268223E+00
5.93750000000000000E+09	-4.49233112680383595E+00
5.94531250000000000E+09	-4.82945096218418701E+00
5.95312500000000000E+09	-5.21810302486310817E+00
5.96093750000000000E+09	-5.66554364309005098E+00
5.96875000000000000E+09	-6.18019709382628069E+00
5.97265625000000000E+09	-6.46569812225512663E+00
5.97656250000000000E+09	-6.77171913612644083E+00
5.98046875000000000E+09	-7.09965064453030781E+00
5.98437500000000000E+09	-7.45093877916105995E+00
5.98828125000000000E+09	-7.82706199247394263E+00
5.99218750000000000E+09	-8.22949213140464941E+00
5.99609375000000000E+09	-8.65963147046522330E+00
6.00000000000000000E+09	-9.11871288640817212E+00
6.00390625000000000E+09	-9.60764381179192561E+00
6.00781250000000000E+09	-1.01267651732042623E+01
6.01171875000000000E+09	-1.06754837146284807E+01
6.01562500000000000E+09	-1.12517207565718209E+01
6.01953125000000000E+09	-1.18511073891578320E+01
6.02343750000000000E+09	-1.24658601157272280E+01
6.02734375000000000E+09	-1.30833273307767755E+01
6.03125000000000000E+09	-1.36843730607336145E+01
6.03515625000000000E+09	-1.42421476834857010E+01
6.03906250000000000E+09	-1.47223896084237094E+01
6.04296875000000000E+09	-1.50868533423032414E+01
6.04687500000000000E+09	-1.53008153559606601E+01
6.05078125000000000E+09	-1.53430025357693296E+01
6.05468750000000000E+09	-1.52130395051675809E+01
6.05859375000000000E+09	-1.49315423064233510E+01
6.06250000000000000E+09	-1.45327936616775801E+01
6.06640625000000000E+09	-1.40548120621783195E+01
6.07031250000000000E+09	-1.35317673287225411E+01
6.07421875000000000E+09	-1.29904723247438465E+01
6.07812500000000000E+09	-1.24500340345829503E+01
6.08203125000000000E+09	-1.19230664798063231E+01
6.08593750000000000E+09	-1.14173078428750472E+01
6.08984375000000000E+09	-1.09370810782755754E+01
6.09375000000000000E+09	-1.04844258070748708E+01
6.09765625000000000E+09	-1.00599089344742314E+01
6.10156250000000000E+09	-9.66317956737630013E+00
6.10546875000000000E+09	-9.29333850206051615E+00
6.10937500000000000E+09	-8.94917966779362750E+00
6.11328125000000000E+09	-8.62934553922712766E+00
6.11718750000000000E+09	-8.33242564892254656E+00
6.12109375000000000E+09	-8.05701782151569645E+00
6.12500000000000000E+09	-7.80176514054721437E+00
6.13281250000000000E+09	-7.34664128876306410E+00
6.14062500000000000E+09	-6.95768724053226872E+00
6.14843750000000000E+09	-6.62684507823245106E+00
6.15625000000000000E+09	-6.34729930703351730E+00
6.16406250000000000E+09	-6.11334826691724764E+00
6.17187500000000000E+09	-5.92026500265444700E+00
6.17968750000000000E+09	-5.76416802837042663E+00
6.18750000000000000E+09	-5.64190899065279527E+00
6.19531250000000000E+09	-5.55097854997807083E+00
6.20312500000000000E+09	-5.48942954226894120E+00
6.21093750000000000E+09	-5.45581573838265133E+00
6.21875000000000000E+09	-5.44914443364609813E+00
6.22656250000000000E+09	-5.46884128802568270E+00
6.23437500000000000E+09	-5.51472612989151312E+00
6.24218750000000000E+09	-5.58699876103844506E+00
6.25000000000000000E+09	-5.68623413264829303E+00
6.25781250000000000E+09	-5.81338659908931810E+00
6.26562500000000000E+09	-5.96980330904640155E+00
6.27343750000000000E+09	-6.15724717937290134E+00
6.28125000000000000E+09	-6.37793033960332600E+00
6.28906250000000000E+09	-6.63455946047264256E+00
6.29687500000000000E+09	-6.93039501077107190E+00
6.30468750000000000E+09	-7.26932722583124580E+00
6.31250000000000000E+09	-7.65597235742549742E+00
6.32031250000000000E+09	-8.09579338125977088E+00
6.32812500000000000E+09	-8.59524911694861338E+00
6.33593750000000000E+09	-9.16197298131648097E+00
6.34375000000000000E+09	-9.80497309560152885E+00
6.35156250000000000E+09	-1.05348185001312480E+01
6.35937500000000000E+09	-1.13637046044285395E+01
6.36718750000000000E+09	-1.23051046173544805E+01
6.37500000000000000E+09	-1.33722306010293295E+01
6.38281250000000000E+09	-1.45732875646504940E+01
6.39062500000000000E+09	-1.58984891383330300E+01
6.39843750000000000E+09	-1.72879569527944739E+01
6.40625000000000000E+09	-1.85681935692513669E+01
6.41406250000000000E+09	-1.93980027525473311E+01
6.42187500000000000E+09	-1.94208545490145710E+01
6.42968750000000000E+09	-1.86429094186517688E+01
6.43750000000000000E+09	-1.74246936990551333E+01
6.44531250000000000E+09	-1.61026568908511578E+01
6.45312500000000000E+09	-1.48455609531344237E+01
6.46093750000000000E+09	-1.37107240146423663E+01
6.46875000000000000E+09	-1.27067343947021918E+01
6.47656250000000000E+09	-1.18248261420419016E+01
6.48437500000000000E+09	-1.10515217557291017E+01
6.49218750000000000E+09	-1.03732361495245495E+01
6.50000000000000000E+09	-9.77775450416548786E+00
6.50781250000000000E+09	-9.25454997000253066E+00
6.51562500000000000E+09	-8.79469830328871183E+00
6.52343750000000000E+09	-8.39067577232877149E+00
6.53125000000000000E+09	-8.03614490076152421E+00
6.53906250000000000E+09	-7.72576261767836492E+00
6.54687500000000000E+09	-7.45501891129424532E+00
6.55468750000000000E+09	-7.22010465901143927E+00
6.56250000000000000E+09	-7.01780451016052886E+00
6.57031250000000000E+09	-6.84541038157349657E+00
6.57812500000000000E+09	-6.70065164236655075E+00
6.58593750000000000E+09	-6.58163877362952654E+00
6.59375000000000000E+09	-6.48681796050369908E+00
6.60156250000000000E+09	-6.41493464089188414E+00
6.60937500000000000E+09	-6.36500449138427626E+00
6.61718750000000000E+09	-6.33629069239865483E+00
6.62500000000000000E+09	-6.32828660120417474E+00
6.63281250000000000E+09	-6.34070319248606573E+00
6.64062500000000000E+09	-6.37346081784711505E+00
6.64843750000000000E+09	-6.42668500208443039E+00
6.65625000000000000E+09	-6.50070614748799880E+00
6.66406250000000000E+09	-6.59606316938173265E+00
6.67187500000000000E+09	-6.71351124877398231E+00
6.67968750000000000E+09	-6.85403407533217468E+00
6.68750000000000000E+09	-7.01886118368307699E+00
6.69531250000000000E+09	-7.20949128222737912E+00
6.70312500000000000E+09	-7.42772287009387533E+00
6.71093750000000000E+09	-7.67569398396098990E+00
6.71875000000000000E+09	-7.95593368619936125E+00
6.72656250000000000E+09	-8.27142901233115424E+00
6.73437500000000000E+09	-8.62571271611669843E+00
6.74218750000000000E+09	-9.02297956746608776E+00
6.75000000000000000E+09	-9.46824263428396939E+00
6.75781250000000000E+09	-9.96754668922935139E+00
6.76562500000000000E+09	-1.05282649586443320E+01
6.77343750000000000E+09	-1.11595202266466345E+01
6.78125000000000000E+09	-1.18727960913107111E+01
6.78906250000000000E+09	-1.26828468819624050E+01
6.79687500000000000E+09	-1.36090904262799874E+01
6.80468750000000000E+09	-1.46778049305587075E+01
6.81250000000000000E+09	-1.59256999519364317E+01
6.82031250000000000E+09	-1.74058521546888514E+01
6.82812500000000000E+09	-1.91974364904184576E+01
6.83593750000000000E+09	-2.14188112526595589E+01
6.84375000000000000E+09	-2.42178793700954422E+01
6.85156250000000000E+09	-2.74814869427276705E+01
6.85937500000000000E+09	-2.91372765067015251E+01
6.86718750000000000E+09	-2.68461251013019080E+01
6.87500000000000000E+09	-2.36854460503248667E+01
6.88281250000000000E+09	-2.10874628573716016E+01
6.89062500000000000E+09	-1.90358450396579713E+01
6.89843750000000000E+09	-1.73830393364033249E+01
6.90625000000000000E+09	-1.60200468004882239E+01
6.91406250000000000E+09	-1.48743097133876603E+01
6.92187500000000000E+09	-1.38968831210792203E+01
6.92968750000000000E+09	-1.30536555677744364E+01
6.93750000000000000E+09	-1.23200438750167507E+01
6.94531250000000000E+09	-1.16777890903518049E+01
6.95312500000000000E+09	-1.11129710046607357E+01
6.96093750000000000E+09	-1.06147390711849621E+01
6.96875000000000000E+09	-1.01744762340425492E+01
6.97656250000000000E+09	-9.78523232662919895E+00
6.98437500000000000E+09	-9.44133026781024931E+00
6.99218750000000000E+09	-9.13808604899423926E+00
7.00000000000000000E+09	-8.87160553501174753E+00
7.00781250000000000E+09	-8.63863431652618807E+00
7.01562500000000000E+09	-8.43644499173245066E+00
7.02343750000000000E+09	-8.26275139415586679E+00
7.03125000000000000E+09	-8.11564260228967349E+00
7.03906250000000000E+09	-7.99353175576339403E+00
7.04687500000000000E+09	-7.89511617521403952E+00
7.05468750000000000E+09	-7.81934629266052816E+00
7.06250000000000000E+09	-7.76540160500743859E+00
7.07031250000000000E+09	-7.73267236725512319E+00
7.07812500000000000E+09	-7.72074611084244822E+00
7.08593750000000000E+09	-7.72939835115001728E+00
7.09375000000000000E+09	-7.75858706763790984E+00
7.10156250000000000E+09	-7.80845072292334663E+00
7.10937500000000000E+09	-7.87930975078940676E+00
7.11718750000000000E+09	-7.97167160255042795E+00
7.12500000000000000E+09	-8.08623961073146624E+00
7.13281250000000000E+09	-8.22392612437023729E+00
7.14062500000000000E+09	-8.38587061071169160E+00
7.14843750000000000E+09	-8.57346372936324386E+00
7.15625000000000000E+09	-8.78837880347904488E+00
7.16406250000000000E+09	-9.03261269173034620E+00
7.17187500000000000E+09	-9.30853888581277289E+00
7.17968750000000000E+09	-9.61897684730436175E+00
7.18750000000000000E+09	-9.96728335633133788E+00
7.19531250000000000E+09	-1.03574743027122089E+01
7.20312500000000000E+09	-1.07943894634568842E+01
7.21093750000000000E+09	-1.12839193422318917E+01
7.21875000000000000E+09	-1.18333238252388924E+01
7.22656250000000000E+09	-1.24516904543702083E+01
7.23437500000000000E+09	-1.31506117962897555E+01
7.24218750000000000E+09	-1.39452194968690240E+01
7.25000000000000000E+09	-1.48558248745654282E+01
7.25781250000000000E+09	-1.59106466052976963E+01
7.26562500000000000E+09	-1.71506171039852759E+01
7.27343750000000000E+09	-1.86385023801072798E+01
7.28125000000000000E+09	-2.04779813000262898E+01
7.28906250000000000E+09	-2.28593352975895705E+01
7.29687500000000000E+09	-2.61931639114038894E+01
7.30468750000000000E+09	-3.16541843246957484E+01
7.31250000000000000E+09	-4.29805753999323699E+01
7.32031250000000000E+09	-3.28570868191793863E+01
7.32812500000000000E+09	-2.68144292341028674E+01
7.33593750000000000E+09	-2.32584274655752310E+01
7.34375000000000000E+09	-2.07572362065361169E+01
7.35156250000000000E+09	-1.88399416687576959E+01
7.35937500000000000E+09	-1.72952457596312286E+01
7.36718750000000000E+09	-1.60102446065145578E+01
7.37500000000000000E+09	-1.49174640668798411E+01
7.38281250000000000E+09	-1.39732926906761747E+01
7.39062500000000000E+09	-1.31478522091247463E+01
7.39843750000000000E+09	-1.24197277019681369E+01
7.40625000000000000E+09	-1.17730063023214075E+01
7.41406250000000000E+09	-1.11955097381855584E+01
7.42187500000000000E+09	-1.06776869828989422E+01
7.42968750000000000E+09	-1.02118922012540665E+01
7.43750000000000000E+09	-9.79189786359806114E+00
7.44531250000000000E+09	-9.41255688227763265E+00
7.45312500000000000E+09	-9.06956224674412681E+00
7.46093750000000000E+09	-8.75927223165743918E+00
7.46875000000000000E+09	-8.47858078388105163E+00
7.47656250000000000E+09	-8.22481971128188150E+00
7.48437500000000000E+09	-7.99568369341897434E+00
7.49218750000000000E+09	-7.78917196179212645E+00
7.50000000000000000E+09	-7.60354235763849751E+00
7.50781250000000000E+09	-7.43727472435601644E+00
7.51562500000000000E+09	-7.28904144575654023E+00
7.52343750000000000E+09	-7.15768353511233535E+00
7.53125000000000000E+09	-7.04219109902545082E+00
7.53906250000000000E+09	-6.94168730012020241E+00
7.54687500000000000E+09	-6.85541516021747555E+00
7.55468750000000000E+09	-6.78272670570884451E+00
7.56250000000000000E+09	-6.72307407619462527E+00
7.57031250000000000E+09	-6.67600230777684178E+00
7.57812500000000000E+09	-6.64114357193044391E+00
7.58593750000000000E+09	-6.61821270548428409E+00
7.59375000000000000E+09	-6.60700391119048014E+00
7.60156250000000000E+09	-6.60738854481329341E+00
7.60937500000000000E+09	-6.61931393604577067E+00
7.61718750000000000E+09	-6.64280321879360791E+00
7.62500000000000000E+09	-6.67795617307286005E+00
7.63281250000000000E+09	-6.72495110742948210E+00
7.64062500000000000E+09	-6.78404783885600260E+00
7.64843750000000000E+09	-6.85559185822586414E+00
7.65625000000000000E+09	-6.94001980511599470E+00
7.66406250000000000E+09	-7.03786641880307950E+00
7.67187500000000000E+09	-7.14977318513640903E+00
7.67968750000000000E+09	-7.27649896583088562E+00
7.68750000000000000E+09	-7.41893298287652136E+00
7.69531250000000000E+09	-7.57811064375372734E+00
7.70312500000000000E+09	-7.75523284367054444E+00
7.71093750000000000E+09	-7.95168958452187269E+00
7.71875000000000000E+09	-8.16908902928435410E+00
7.72656250000000000E+09	-8.40929349865361608E+00
7.73437500000000000E+09	-8.67446446458328246E+00
7.74218750000000000E+09	-8.96711938093015171E+00
7.75000000000000000E+09	-9.29020433682246960E+00
7.75781250000000000E+09	-9.64718821931986703E+00
7.76562500000000000E+09	-1.00421866493149317E+01
7.77343750000000000E+09	-1.04801279487438759E+01
7.78125000000000000E+09	-1.09669797449978823E+01
7.78906250000000000E+09	-1.15100651997094197E+01
7.79687500000000000E+09	-1.21185153905457454E+01
7.80468750000000000E+09	-1.28039351521123468E+01
7.81250000000000000E+09	-1.35814161026124331E+01
7.82031250000000000E+09	-1.44711394955558674E+01
7.82812500000000000E+09	-1.55010351859292292E+01
7.83593750000000000E+09	-1.67114582471486486E+01
7.84375000000000000E+09	-1.81640500275198100E+01
7.85156250000000000E+09	-1.99602651505026110E+01
7.85937500000000000E+09	-2.22858126075641927E+01
7.86718750000000000E+09	-2.55419238320145716E+01
7.87500000000000000E+09	-3.09052186795757464E+01
7.87890625000000000E+09	-3.57553894540099719E+01
7.88281250000000000E+09	-4.65090151660937465E+01
7.88671875000000000E+09	-4.06877082242177153E+01
7.89062500000000000E+09	-3.33988762829617514E+01
7.89453125000000000E+09	-2.94348188346624262E+01
7.89843750000000000E+09	-2.67153577179198756E+01
7.90234375000000000E+09	-2.46472759898473406E+01
7.90625000000000000E+09	-2.29807345497859536E+01
7.91406250000000000E+09	-2.03913684733950440E+01
7.92187500000000000E+09	-1.84192860618278971E+01
7.92968750000000000E+09	-1.68367657635111030E+01
7.93750000000000000E+09	-1.55246283719807447E+01
7.94531250000000000E+09	-1.44126115580928946E+01
7.95312500000000000E+09	-1.34557721982219682E+01
7.96093750000000000E+09	-1.26235981005983326E+01
7.96875000000000000E+09	-1.18944139745062287E+01
7.97656250000000000E+09	-1.12522691828987824E+01
7.98437500000000000E+09	-1.06850970491972177E+01
7.99218750000000000E+09	-1.01835726830017421E+01
8.00000000000000000E+09	-9.74037678861441947E+00
8.00781250000000000E+09	-9.34970675164120202E+00
8.01562500000000000E+09	-9.00694448189972441E+00
8.02343750000000000E+09	-8.70842716984076048E+00
8.03125000000000000E+09	-8.45128775494179685E+00
8.03906250000000000E+09	-8.23334394044261586E+00
8.04687500000000000E+09	-8.05302176041712947E+00
8.05468750000000000E+09	-7.90930394832713990E+00
8.06250000000000000E+09	-7.80169565800176290E+00
8.07031250000000000E+09	-7.73020087857533955E+00
8.07812500000000000E+09	-7.69530219759298006E+00
8.08593750000000000E+09	-7.69793406064098029E+00
8.09375000000000000E+09	-7.73943455530415214E+00
8.10156250000000000E+09	-7.82145158103631832E+00
8.10937500000000000E+09	-7.94576373457197782E+00
8.11718750000000000E+09	-8.11395094138321760E+00
8.12500000000000000E+09	-8.32681072529058852E+00
8.13281250000000000E+09	-8.58336102721323080E+00
8.14062500000000000E+09	-8.87920953077489372E+00
8.14843750000000000E+09	-9.20405185812372650E+00
8.15625000000000000E+09	-9.53823634923390884E+00
8.16015625000000000E+09	-9.69919274517894792E+00
8.16406250000000000E+09	-9.84903012898515584E+00
8.16796875000000000E+09	-9.98130644486386132E+00
8.17187500000000000E+09	-1.00888495023381921E+01
8.17578125000000000E+09	-1.01641398517604848E+01
8.17968750000000000E+09	-1.01998916587207020E+01
8.18359375000000000E+09	-1.01897885238767358E+01
8.18750000000000000E+09	-1.01292627448703563E+01
8.19140625000000000E+09	-1.00161525538115654E+01
8.19531250000000000E+09	-9.85106773685064141E+00
8.19921875000000000E+09	-9.63735774234171494E+00
8.20312500000000000E+09	-9.38068832231303951E+00
8.20703125000000000E+09	-9.08834209979486474E+00
8.21093750000000000E+09	-8.76841610182555975E+00
8.21484375000000000E+09	-8.42907928479762525E+00
8.21875000000000000E+09	-8.07799604987667941E+00
8.22265625000000000E+09	-7.72195332148114666E+00
8.22656250000000000E+09	-7.36667603232339818E+00
8.23046875000000000E+09	-7.01678831855304175E+00
8.23437500000000000E+09	-6.67587154636798275E+00
8.23828125000000000E+09	-6.34657667722205332E+00
8.24218750000000000E+09	-6.03075957003003360E+00
8.24609375000000000E+09	-5.72961877153156784E+00
8.25000000000000000E+09	-5.44382405773503919E+00
8.25781250000000000E+09	-4.91897317214631435E+00
8.26562500000000000E+09	-4.45489296893454867E+00
8.27343750000000000E+09	-4.04741017512032997E+00
8.28125000000000000E+09	-3.69102705688444299E+00
8.28906250000000000E+09	-3.37985954612961104E+00
8.29687500000000000E+09	-3.10817495813080935E+00
8.30468750000000000E+09	-2.87067300221018584E+00
8.31250000000000000E+09	-2.66260856920460265E+00
8.32031250000000000E+09	-2.47982125214532489E+00
8.32812500000000000E+09	-2.31871317984459724E+00
8.33593750000000000E+09	-2.17620099680172219E+00
8.34375000000000000E+09	-2.04965748819299387E+00
8.35156250000000000E+09	-1.93685172810666217E+00
8.35937500000000000E+09	-1.83589249495877627E+00
8.36718750000000000E+09	-1.74517719129133253E+00
8.37500000000000000E+09	-1.66334704041450987E+00
8.38281250000000000E+09	-1.58924851957107460E+00
8.39062500000000000E+09	-1.52190057418477598E+00
8.39843750000000000E+09	-1.46046697790708024E+00
8.40625000000000000E+09	-1.40423315701359352E+00
8.41406250000000000E+09	-1.35258682306607203E+00
8.42187500000000000E+09	-1.30500181757710942E+00
8.42968750000000000E+09	-1.26102464528435454E+00
8.43750000000000000E+09	-1.22026324676134523E+00
8.45312500000000000E+09	-1.14707204573558030E+00
8.46875000000000000E+09	-1.08320093268349282E+00
8.48437500000000000E+09	-1.02694485465762564E+00
8.50000000000000000E+09	-9.76982758928687245E-01
8.51562500000000000E+09	-9.32279138228570559E-01
8.53125000000000000E+09	-8.92013195607553766E-01
8.54687500000000000E+09	-8.55527348979579383E-01
8.56250000000000000E+09	-8.22289403201341695E-01
8.57812500000000000E+09	-7.91864475026427428E-01
8.59375000000000000E+09	-7.63893946200318141E-01
8.60937500000000000E+09	-7.38079530951787910E-01
8.62500000000000000E+09	-7.14171101190326008E-01
8.65625000000000000E+09	-6.71258232545154376E-01
8.68750000000000000E+09	-6.33808920903463524E-01
8.71875000000000000E+09	-6.00823575781164743E-01
8.75000000000000000E+09	-5.71542430442476990E-01
8.78125000000000000E+09	-5.45375927796825200E-01
8.81250000000000000E+09	-5.21858193792929637E-01
8.84375000000000000E+09	-5.00615162299030469E-01
8.87500000000000000E+09	-4.81342235915190764E-01
8.90625000000000000E+09	-4.63788299934172976E-01
8.93750000000000000E+09	-4.47744061491083201E-01
8.96875000000000000E+09	-4.33033392888903301E-01
9.00000000000000000E+09	-4.19506800723740247E-01
9.03125000000000000E+09	-4.07036425459526230E-01
9.06250000000000000E+09	-3.95512160649364453E-01
9.09375000000000000E+09	-3.84838603561484305E-01
9.12500000000000000E+09	-3.74932631771280001E-01
9.15625000000000000E+09	-3.65721457133284189E-01
9.18750000000000000E+09	-3.57141048179087095E-01
9.21875000000000000E+09	-3.49134840011095959E-01
9.25000000000000000E+09	-3.41652670848291429E-01
9.31250000000000000E+09	-3.28086664431621933E-01
9.37500000000000000E+09	-3.16139646567812127E-01
9.43750000000000000E+09	-3.05567034014876171E-01
9.50000000000000000E+09	-2.96169585381257428E-01
9.56250000000000000E+09	-2.87783502349804654E-01
9.62500000000000000E+09	-2.80273025149701593E-01
9.68750000000000000E+09	-2.73524812018815289E-01
9.75000000000000000E+09	-2.67443617361968256E-01
9.81250000000000000E+09	-2.61948930100348976E-01
9.87500000000000000E+09	-2.56972331756566752E-01
9.93750000000000000E+09	-2.52455400689151510E-01
1.00000000000000000E+10	-2.48348035346584423E-01
